track 1;
1060 list 60 51 70 4 "2911.7630 0.0236 0.2927 -0.1070 -22.8178 3221.9725 348596.8800 0.3282 3.5167";
260 list 14 8 50 4 "1143.6806 0.0109 0.2981 0.5894 -34.1707 2716.6697 1650383.7913 0.4573 3.2971";
130 list 31 18 50 4 "3710.6927 0.0087 0.3666 -0.3277 -29.4641 3900.8298 649474.7258 2.1274 15.8915";
130 list 19 10 50 4 "2380.1756 0.0397 0.1032 0.4286 -21.6085 3183.8024 1185753.4166 -0.3694 3.9647";
260 list 50 30 70 4 "3590.7288 0.0141 0.4218 -0.3349 -25.1051 3702.2347 306643.9039 0.8166 15.6901";
240 list 33 20 50 4 "1424.7604 0.0157 0.1185 0.3742 -28.1420 3401.0094 1416494.0609 -0.2475 3.4246";
240 list 38 22 50 4 "3584.6658 0.0127 0.0929 0.0688 -28.2502 3489.9179 858383.0632 0.1141 6.8240";
260 list 22 13 50 4 "1726.5929 0.0333 0.0751 0.2788 -22.1291 3291.9006 1278788.3617 0.2779 4.2181";
end;
